0.000000000000000000e+00
3.000000000000000000e+01
7.300000000000000000e+01
1.090000000000000000e+02
1.490000000000000000e+02
1.910000000000000000e+02
2.240000000000000000e+02
2.710000000000000000e+02
3.130000000000000000e+02
3.540000000000000000e+02
3.910000000000000000e+02
4.350000000000000000e+02
4.810000000000000000e+02
5.120000000000000000e+02
5.510000000000000000e+02
5.770000000000000000e+02
6.170000000000000000e+02
6.420000000000000000e+02
6.770000000000000000e+02
7.130000000000000000e+02
7.520000000000000000e+02
7.820000000000000000e+02
8.320000000000000000e+02
8.710000000000000000e+02
9.060000000000000000e+02
9.390000000000000000e+02
9.750000000000000000e+02
1.019000000000000000e+03
1.052000000000000000e+03
1.096000000000000000e+03
1.143000000000000000e+03
1.197000000000000000e+03
1.236000000000000000e+03
1.269000000000000000e+03
1.323000000000000000e+03
1.370000000000000000e+03
1.407000000000000000e+03
1.450000000000000000e+03
1.481000000000000000e+03
1.509000000000000000e+03
1.556000000000000000e+03
1.595000000000000000e+03
1.632000000000000000e+03
1.667000000000000000e+03
1.710000000000000000e+03
1.756000000000000000e+03
1.799000000000000000e+03
1.836000000000000000e+03
1.871000000000000000e+03
1.909000000000000000e+03
1.949000000000000000e+03
1.991000000000000000e+03
2.040000000000000000e+03
2.082000000000000000e+03
2.117000000000000000e+03
2.158000000000000000e+03
2.194000000000000000e+03
2.238000000000000000e+03
2.265000000000000000e+03
2.303000000000000000e+03
2.338000000000000000e+03
2.378000000000000000e+03
2.409000000000000000e+03
2.449000000000000000e+03
2.485000000000000000e+03
2.524000000000000000e+03
2.556000000000000000e+03
2.599000000000000000e+03
2.632000000000000000e+03
2.678000000000000000e+03
2.717000000000000000e+03
2.755000000000000000e+03
2.791000000000000000e+03
2.832000000000000000e+03
2.869000000000000000e+03
2.907000000000000000e+03
2.944000000000000000e+03
2.979000000000000000e+03
3.010000000000000000e+03
3.047000000000000000e+03
3.084000000000000000e+03
3.128000000000000000e+03
3.163000000000000000e+03
3.204000000000000000e+03
3.257000000000000000e+03
3.291000000000000000e+03
3.327000000000000000e+03
3.355000000000000000e+03
3.388000000000000000e+03
3.422000000000000000e+03
3.469000000000000000e+03
3.517000000000000000e+03
3.549000000000000000e+03
3.589000000000000000e+03
3.627000000000000000e+03
3.667000000000000000e+03
3.700000000000000000e+03
3.736000000000000000e+03
3.775000000000000000e+03
3.812000000000000000e+03
3.847000000000000000e+03
3.880000000000000000e+03
3.931000000000000000e+03
3.964000000000000000e+03
4.006000000000000000e+03
4.043000000000000000e+03
4.087000000000000000e+03
4.126000000000000000e+03
4.166000000000000000e+03
4.195000000000000000e+03
4.236000000000000000e+03
4.272000000000000000e+03
4.311000000000000000e+03
4.348000000000000000e+03
4.388000000000000000e+03
4.427000000000000000e+03
4.464000000000000000e+03
4.501000000000000000e+03
4.534000000000000000e+03
4.562000000000000000e+03
4.609000000000000000e+03
4.645000000000000000e+03
4.679000000000000000e+03
4.721000000000000000e+03
4.767000000000000000e+03
4.798000000000000000e+03
4.848000000000000000e+03
4.884000000000000000e+03
4.915000000000000000e+03
